amino acid	Lac+ counts amino acid	Lac+ counts other amino acids	TetS counts amino acid	TetS counts other amino acids	Fisher's exact test
A 26 423 26 539 0.39457945651700616
C 4 445 15 550 0.05945312558227354
D 9 440 19 546 0.24721624668914152
E 11 438 6 559 0.13730193912865898
F 12 437 37 528 0.004704966554152805
G 7 442 13 552 0.4977972317522383
H 12 437 24 541 0.23152239175763226
I 43 406 53 512 0.9144981046340667
* 15 434 19 546 1.0
K 13 436 16 549 1.0
L 60 389 84 481 0.526733672468062
M 41 408 3 562 2.936940288262204E-12
N 19 430 21 544 0.7460874298131734
P 13 436 43 522 0.00126320828014726
Q 16 433 13 552 0.2580070110030436
R 17 432 31 534 0.23492246591011223
S 22 427 45 520 0.056386326152801224
T 31 418 27 538 0.17336034357962554
V 59 390 36 529 3.0854699785335185E-4
W 1 448 4 561 0.390080050937805
Y 18 431 30 535 0.37361503108417876
A 7 442 14 551 0.3777534981334683
C 5 444 18 547 0.03281161727386178
D 7 442 12 553 0.6428604602424194
E 3 446 3 562 0.9999999999999999
F 11 438 12 553 0.8326591111804742
G 10 439 8 557 0.34855124112944336
H 21 428 36 529 0.27361162079048534
I 95 354 36 529 3.606285568785333E-12
* 11 438 22 543 0.21672247569772665
K 8 441 20 545 0.12159442921799125
L 70 379 71 494 0.17163489583553154
M 36 413 0 565 8.136587023940465E-14
N 27 422 46 519 0.22164246435591933
P 26 423 64 501 0.0025238761169393315
Q 12 437 19 546 0.5849841694285858
R 18 431 40 525 0.04098268639977012
S 24 425 54 511 0.012714924126398575
T 27 422 47 518 0.1817324207351944
V 17 432 6 559 0.00493745677596915
W 0 449 2 563 0.506056375598482
Y 14 435 35 530 0.02656159924057049
A 12 437 22 543 0.29870371224369413
C 9 440 10 555 0.8188186064301123
D 10 439 13 552 1.0000000000000002
E 7 442 9 556 1.0
F 14 435 29 536 0.11972708850792926
G 8 441 8 557 0.8007417854884337
H 28 421 48 517 0.18803337005184836
I 36 413 40 525 0.6314298318925463
* 6 443 27 538 0.0020762528069633497
K 17 432 20 545 0.8671922170840904
L 65 384 59 506 0.05406504783189243
M 37 412 0 565 3.4360024957948993E-14
N 40 409 35 530 0.11626220993448604
P 23 426 60 505 0.0017123220044713836
Q 12 437 19 546 0.5849841694285858
R 13 436 22 543 0.4890803965347981
S 29 420 52 513 0.12933488187828832
T 40 409 40 525 0.29324070545257863
V 17 432 14 551 0.27150593433332887
Y 26 423 38 527 0.603888116022595
A 30 419 43 522 0.6254553778536547
C 6 443 9 556 0.7989754705258647
D 17 432 20 545 0.8671922170840904
E 8 441 16 549 0.3052433756527714
F 11 438 28 537 0.0477727724904708
G 20 429 21 544 0.6308732166619534
H 20 429 24 541 0.8779754790465495
I 39 410 40 525 0.3481178928003239
* 2 447 21 544 3.8997584842026577E-4
K 13 436 17 548 0.9999999999999998
L 26 423 41 524 0.3752439865763027
M 51 398 1 564 5.248185286529375E-18
N 35 414 42 523 0.9051008216491422
P 12 437 26 539 0.13387095705228158
Q 15 434 22 543 0.7368499429281958
R 15 434 24 541 0.5130402688462307
S 30 419 48 517 0.28886166908091865
T 37 412 51 514 0.7364329028376472
V 34 415 40 525 0.8083837737915753
W 0 449 1 564 1.0
Y 28 421 30 535 0.5866803300208927
A 31 418 30 535 0.29132932912492987
C 13 436 11 554 0.40629240476496886
D 14 435 20 545 0.7298656611207904
E 12 437 5 560 0.04563084884540329
F 15 434 31 534 0.12825775287448501
G 10 439 12 553 1.0
H 22 427 20 545 0.34131775657245256
I 39 410 36 529 0.18408383699838074
* 2 447 27 538 1.233457087575597E-5
K 14 435 12 553 0.32596143584014564
L 38 411 75 490 0.015984471236070646
M 18 431 2 563 3.051441354259964E-5
N 26 423 21 544 0.13343710933274222
P 24 425 64 501 7.14398391963488E-4
Q 5 444 9 556 0.596097870611124
R 18 431 27 538 0.6458202075628299
S 41 408 52 513 1.0
T 54 395 66 499 0.9220941385644047
V 25 424 20 545 0.1269409993384333
W 0 449 1 564 1.0
Y 28 421 24 541 0.1966501146551506
A 19 396 24 593 0.6348058651354027
C 2 413 10 607 0.1380197857405331
D 7 408 9 608 0.800961282740773
E 8 407 4 613 0.07645567997592187
F 31 384 28 589 0.0552492729679999
G 6 409 4 613 0.21302025302997715
H 22 393 43 574 0.29860128504204875
I 34 381 42 575 0.3984326020936271
* 3 412 46 571 4.9073873956749544E-8
K 11 404 18 599 0.8500349936821303
L 46 369 80 537 0.38424181761145515
M 3 412 10 607 0.2621431190144054
N 18 397 18 599 0.230367315690435
P 53 362 83 534 0.7789362002380008
Q 15 400 19 598 0.7226716333313935
R 18 397 30 587 0.7641850196397965
S 37 378 59 558 0.7444769040295885
T 34 381 51 566 1.0000000000000002
V 18 397 19 598 0.30830129562394165
W 0 415 1 616 1.0
Y 30 385 19 598 0.0026549748791553024
A 15 400 23 594 0.9999999999999999
C 8 407 5 612 0.1541242680829682
D 7 408 8 609 0.6067753718190871
E 4 411 2 615 0.22671304364819733
F 21 394 38 579 0.4963801536938655
G 4 411 2 615 0.22671304364819733
H 28 387 32 585 0.3423976331003995
I 36 379 40 577 0.22396913113600614
* 2 413 57 560 2.456654141192223E-11
K 18 397 23 594 0.6292116274880156
L 50 365 62 555 0.3098265029814122
M 1 414 5 612 0.4107117054396139
N 24 391 33 584 0.782220834769539
P 57 358 92 525 0.6517920933618625
Q 8 407 14 603 0.8275780730383786
R 9 406 19 598 0.43830840538619603
S 50 365 77 540 0.9230577614041133
T 44 371 51 566 0.22721451153612848
V 10 405 15 602 0.9999999999999999
W 0 415 1 616 1.0
Y 19 396 18 599 0.17399660242360596
A 8 407 15 602 0.671188702623372
C 9 406 8 609 0.32259593446769896
D 5 410 6 611 0.7632337024976291
E 12 403 3 614 0.0023191012995265534
F 31 384 30 587 0.10548924566380238
G 6 409 6 611 0.5590720489020486
H 23 392 31 586 0.7759628001618881
I 20 395 31 586 1.0
* 1 414 67 550 9.848280412247966E-15
K 13 402 23 594 0.7299723929792712
L 65 350 109 508 0.44553072318989406
M 6 409 4 613 0.21302025302997715
N 17 398 11 606 0.030975250694884677
P 52 363 73 544 0.7706406092003399
Q 19 396 14 603 0.04678458216659537
R 21 394 43 574 0.23746571954334614
S 45 370 66 551 0.9999999999999998
T 37 378 38 579 0.11156037344096348
V 10 405 15 602 0.9999999999999999
W 1 414 9 608 0.05673074072694553
Y 14 401 15 602 0.4429155024934188
A 16 399 16 601 0.27457085969529493
C 13 402 7 610 0.03550442312284659
D 7 408 9 608 0.800961282740773
E 4 411 8 609 0.7712573204149472
F 28 387 25 592 0.061685072367438885
G 7 408 4 613 0.12945793664550187
H 15 400 22 595 1.0
I 27 388 31 586 0.3358716998503627
* 2 413 67 550 2.008610779700613E-13
K 21 394 29 588 0.8826262388106416
L 47 368 70 547 1.0000000000000002
M 8 407 7 610 0.30281302522523
N 19 396 19 598 0.23894256032704875
P 48 367 75 542 0.8447652388113959
Q 12 403 17 600 1.0000000000000002
R 15 400 45 572 0.014259155785140752
S 55 360 68 549 0.28270403326088117
T 42 373 55 562 0.516015722003529
V 7 408 15 602 0.5126639675370424
W 0 415 6 611 0.08672262236960539
Y 22 393 22 595 0.20869346700193148
A 34 381 21 596 0.0010345662784907667
C 8 407 9 608 0.6216351125380509
D 1 414 5 612 0.4107117054396139
E 2 413 5 612 0.7082075732783678
F 14 401 28 589 0.4228132972259316
G 3 412 10 607 0.2621431190144054
H 24 391 23 594 0.1294936224384735
I 28 387 44 573 0.9009780461370954
* 3 412 39 578 1.3635711478891747E-6
K 14 401 25 592 0.6210293015441722
L 52 363 78 539 1.0000000000000002
M 2 413 4 613 1.0
N 17 398 25 592 0.9999999999999999
P 55 360 92 525 0.46899756085095196
Q 16 399 7 610 0.00472634610758569
R 11 404 33 584 0.04061162978116127
S 45 370 64 553 0.8366648780100369
T 53 362 64 553 0.27065992269384465
V 11 404 15 602 0.8415545091365646
W 1 414 5 612 0.4107117054396139
Y 21 394 21 596 0.20085092742428717
A 14 462 3 199 0.42021938805787284
C 12 464 3 199 0.570848453242295
D 9 467 3 199 1.0
E 7 469 0 202 0.11024274055025648
F 26 450 4 198 0.04296324802813965
G 14 462 4 198 0.6063854650037651
H 30 446 16 186 0.5042242223741116
I 15 461 7 195 0.8155421264030537
* 4 472 22 180 5.12925539335671E-9
K 8 468 8 194 0.09517402008080188
L 58 418 15 187 0.07800223580017693
M 4 472 1 201 1.0
N 18 458 2 200 0.049909361867039134
P 98 378 41 161 1.0000000000000004
Q 19 457 6 196 0.6577028785916268
R 53 423 22 180 1.0
S 31 445 23 179 0.04276940498357101
T 40 436 16 186 0.8801205132203742
V 7 469 0 202 0.11024274055025648
W 3 473 1 201 1.0
Y 6 470 5 197 0.317898698398096
A 18 458 7 195 1.0
C 9 467 2 200 0.5203015618753339
D 22 454 5 197 0.2818851767464804
E 8 468 3 199 1.0
F 8 468 5 197 0.5429621578923425
G 3 473 3 199 0.3697966376448206
H 27 449 11 191 1.0000000000000002
I 28 448 15 187 0.4912883624838652
* 3 473 30 172 7.440053568316998E-14
K 30 446 10 192 0.5943798256468369
L 45 431 18 184 0.8857967746640348
M 7 469 3 199 1.0000000000000002
N 35 441 16 186 0.8735878880960388
P 55 421 23 179 1.0000000000000002
Q 28 448 3 199 0.014169838972839771
R 28 448 10 192 0.717389544707793
S 42 434 10 192 0.11334024550715087
T 52 424 15 187 0.20496676051317445
V 12 464 3 199 0.570848453242295
Y 16 460 10 192 0.38152715998544035
A 22 454 10 192 0.844628382051653
C 23 453 6 196 0.30798278560933234
D 15 461 5 197 0.8055021404694002
E 6 470 2 200 1.0
F 29 447 9 193 0.468263135108649
G 10 466 6 196 0.5806002658233799
H 34 442 6 196 0.03352290119687286
I 28 448 7 195 0.25479712782254277
* 4 472 19 183 1.4260273612634046E-7
K 15 461 6 196 1.0000000000000002
L 35 441 17 185 0.637876637059086
M 1 475 2 200 0.2130280386944704
N 27 449 9 193 0.5793657109870444
P 38 438 16 186 1.0
Q 7 469 8 194 0.08131526497210448
R 34 442 21 181 0.16740956270211754
S 44 432 14 188 0.36997260248438935
T 44 432 21 181 0.6694067081833329
V 24 452 9 193 0.8468170534499965
W 2 474 2 200 0.5865514877855591
Y 34 442 7 195 0.07782126580935055
A 29 447 7 195 0.19233710370755536
C 12 464 4 198 0.7880251503076686
D 7 469 4 198 0.7405091493881564
E 14 462 1 201 0.048679093838055736
F 12 464 5 197 0.9999999999999998
G 10 466 6 196 0.5806002658233799
H 14 462 7 195 0.808812742333751
I 18 458 16 186 0.032974330236247865
* 3 473 20 182 1.0779486381939272E-8
K 17 459 11 191 0.2922335711991172
L 53 423 21 181 0.892980013812602
M 12 464 4 198 0.7880251503076686
N 25 451 5 197 0.15130605558463156
P 47 429 18 184 0.7763184143302978
Q 16 460 5 197 0.6350061444553426
R 28 448 10 192 0.717389544707793
S 62 414 23 179 0.6132092660577868
T 58 418 14 188 0.04184734746148253
V 19 457 12 190 0.3143720784926784
W 3 473 1 201 1.0
Y 17 459 8 194 0.824990945445343
A 30 446 4 198 0.01969542855140719
C 10 466 2 200 0.5249800170958606
D 14 462 3 199 0.42021938805787284
E 15 461 3 199 0.29889108928988933
F 16 460 8 194 0.6569528397863925
G 14 462 4 198 0.6063854650037651
H 19 457 5 197 0.3742253517807116
I 27 449 9 193 0.5793657109870444
* 5 471 35 167 6.4191468626982174E-15
K 18 458 13 189 0.1583455941366304
L 53 423 19 183 0.5862235298307837
M 7 469 3 199 1.0000000000000002
N 23 453 4 198 0.0893307564225118
P 43 433 15 187 0.5506222582669638
Q 19 457 9 193 0.8333686923979282
R 38 438 17 185 0.8781064089398026
S 51 425 14 188 0.15355141248376938
T 31 445 18 184 0.2617494114605032
V 21 455 8 194 1.0000000000000002
W 3 473 1 201 1.0
Y 19 457 8 194 1.0
A 13 451 7 223 0.8145284700091744
C 12 452 4 226 0.5978741753006059
D 5 459 1 229 0.6693631228594961
E 5 459 3 227 0.7242957857011599
F 38 426 5 225 0.0013053612436859277
G 5 459 2 228 1.0000000000000002
H 27 437 9 221 0.3640339385582085
I 56 408 23 207 0.448859141773732
* 6 458 28 202 1.9467607805148163E-9
K 11 453 12 218 0.06904594079039209
L 45 419 23 207 0.8928089585578982
M 2 462 3 227 0.33895905403583504
N 29 435 16 214 0.7444557019914321
P 44 420 15 215 0.2469676631011169
Q 12 452 6 224 1.0
R 15 449 5 225 0.6302906752511037
S 57 407 22 208 0.31215685183828473
T 45 419 25 205 0.6881131320894439
V 14 450 6 224 0.9999999999999999
W 1 463 0 230 1.0
Y 22 442 15 215 0.3699102916479802
A 30 434 15 215 0.9999999999999999
C 20 444 8 222 0.685641888610375
D 17 447 6 224 0.6528020773706418
E 11 453 9 221 0.3342073210030101
F 27 437 12 218 0.8615881423637568
G 17 447 5 225 0.36208841415228626
H 28 436 7 223 0.09942712501949048
I 21 443 10 220 1.0
* 1 463 27 203 7.567094159203835E-13
K 7 457 9 221 0.05969623185915475
L 51 413 12 218 0.011621407805753749
M 3 461 4 226 0.22806345625663665
N 21 443 6 224 0.29729425057067926
P 38 426 23 207 0.4766575680804121
Q 12 452 4 226 0.5978741753006059
R 35 429 19 211 0.7642153020040746
S 42 422 16 214 0.38485475421887283
T 27 437 9 221 0.3640339385582085
V 22 442 12 218 0.852133402601996
W 2 462 5 225 0.043348477080689694
Y 32 432 12 218 0.5081944894017643
A 30 434 13 217 0.7403568168903788
C 10 454 9 221 0.217079639885835
D 9 455 4 226 0.9999999999999999
E 4 460 5 225 0.16643498552524139
F 30 434 15 215 0.9999999999999999
G 8 456 4 226 0.9999999999999999
H 19 445 8 222 0.835684574858499
I 21 443 14 216 0.3642645788390591
* 4 460 18 212 2.6198034954461966E-6
K 11 453 6 224 0.8005723214430626
L 74 390 29 201 0.25879707770741006
M 5 459 0 230 0.17637752663365694
N 7 457 3 227 1.0
P 53 411 28 202 0.8020730252556908
Q 7 457 2 228 0.7250995880752091
R 20 444 11 219 0.8456186810433429
S 51 413 19 211 0.28637019756439497
T 51 413 14 216 0.0382083879008662
V 28 436 15 215 0.8673800048784034
W 3 461 1 229 1.0
Y 19 445 12 218 0.5589181182839402
A 14 450 9 221 0.5093590184387885
C 12 452 4 226 0.5978741753006059
D 15 449 3 227 0.2030194615036482
E 5 459 3 227 0.7242957857011599
F 32 432 16 214 1.0
G 10 454 0 230 0.035570500224799254
H 34 430 18 212 0.8784229290648439
I 18 446 9 221 0.9999999999999999
* 1 463 19 211 6.472450270212432E-9
K 7 457 5 225 0.5447528168211326
L 69 395 27 203 0.29393518859581774
M 1 463 0 230 1.0
N 19 445 7 223 0.6714883700508574
P 69 395 34 196 0.9999999999999999
Q 15 449 7 223 1.0
R 16 448 7 223 1.0000000000000002
S 44 420 25 205 0.5908077765922713
T 37 427 13 217 0.34922406584002236
V 16 448 9 221 0.8292352133364597
Y 30 434 15 215 0.9999999999999999
A 17 447 12 218 0.4200949677832313
C 6 458 0 230 0.18566469523794604
D 24 440 11 219 1.0
E 15 449 6 224 0.8150788306322927
F 27 437 6 224 0.08628042680283195
G 5 459 2 228 1.0000000000000002
H 26 438 5 225 0.04940818850220224
I 47 417 25 205 0.7919106063642909
* 15 449 33 197 2.2715902087568367E-7
K 16 448 9 221 0.8292352133364597
L 65 399 27 203 0.4757775806118861
M 4 460 3 227 0.6905085045370866
N 16 448 9 221 0.8292352133364597
P 27 437 9 221 0.3640339385582085
Q 15 449 8 222 0.825819142725607
R 13 451 4 226 0.4488670039191579
S 33 431 17 213 0.8772533259200321
T 27 437 18 212 0.32801712501613556
V 33 431 17 213 0.8772533259200321
Y 33 431 9 221 0.12697627283634713
A 10 523 5 217 0.7765312161433908
C 11 522 1 221 0.19699475095173066
D 7 526 0 222 0.11218575469579722
E 2 531 1 221 1.0
F 39 494 14 208 0.754709592467799
G 3 530 4 218 0.2037865655683592
H 33 500 13 209 0.9999999999999998
I 24 509 17 205 0.11093054977787753
* 5 528 25 197 5.959376841751045E-10
K 22 511 9 213 1.0
L 70 463 28 194 0.9057317811700607
M 7 526 3 219 1.0
N 20 513 9 213 0.8370351839315109
P 70 463 21 201 0.17786769145706396
Q 31 502 8 214 0.2786365620635029
R 18 515 14 208 0.07600923936579407
S 43 490 15 207 0.65299162359913
T 65 468 23 199 0.5345959951306544
V 16 517 5 217 0.8082982788065801
W 4 529 1 221 1.0
Y 33 500 6 216 0.04857802077757336
A 11 522 8 214 0.21345424407090302
C 10 523 1 221 0.18954126373528354
D 7 526 2 220 0.9999999999999999
E 4 529 1 221 1.0
F 32 501 11 211 0.7304494933017459
G 5 528 0 222 0.32895513895925244
H 23 510 11 211 0.7022712634473582
I 48 485 25 197 0.3459500892940764
* 6 527 37 185 2.3420886622950875E-15
K 21 512 3 219 0.07056809130474394
L 92 441 34 188 0.5923484687316076
M 17 516 7 215 1.0000000000000002
N 23 510 5 217 0.20803660244807054
P 45 488 16 206 0.6609289297738821
Q 18 515 6 216 0.8204093323132315
R 29 504 10 212 0.7190465540044833
S 47 486 13 209 0.18649436018653293
T 44 489 22 200 0.480658632114225
V 29 504 4 218 0.03001642875794898
W 4 529 0 222 0.32627944684168975
Y 18 515 6 216 0.8204093323132315
A 11 522 3 219 0.7678146517252746
C 19 514 15 207 0.08073288090920458
D 11 522 2 220 0.36486305719739176
E 8 525 4 218 0.7548450135079805
F 21 512 14 208 0.18333214037189602
G 15 518 2 220 0.17494387804499928
H 28 505 7 215 0.2566178589071132
I 39 494 10 212 0.19421957649119245
* 4 529 36 186 2.416000591575366E-16
K 16 517 6 216 1.0000000000000002
L 44 489 13 209 0.29207227524556606
M 7 526 1 221 0.44814140543990977
N 23 510 16 206 0.10693702443338354
P 45 488 17 205 0.7729444437036956
Q 21 512 9 213 1.0000000000000002
R 52 481 19 203 0.6823887213894504
S 59 474 25 197 1.0000000000000002
T 59 474 11 211 0.008442006732439663
V 22 511 3 219 0.07146282163940777
W 10 523 1 221 0.18954126373528354
Y 19 514 8 214 1.0
A 24 509 9 213 0.8478820589830525
C 8 525 2 220 0.7315994155097595
D 9 524 2 220 0.5224631211519275
E 11 522 5 217 1.0
F 18 515 2 220 0.0781052836684446
G 10 523 4 218 1.0
H 27 506 5 217 0.11083595569364521
I 35 498 17 205 0.6364071223875116
* 6 527 35 187 2.5379728309653764E-14
K 28 505 7 215 0.2566178589071132
L 64 469 20 202 0.2549061819951154
M 6 527 3 219 0.7269634054140188
N 21 512 11 211 0.5536910245895317
P 57 476 26 196 0.7023277174391936
Q 22 511 8 214 0.8398784635507043
R 35 498 13 209 0.8700693099224508
S 48 485 14 208 0.24650308175697955
T 59 474 18 204 0.23764709654029734
V 16 517 10 212 0.38013371514124034
W 4 529 2 220 1.0
Y 25 508 9 213 0.8477767141485533
A 24 509 9 213 0.8478820589830525
C 8 525 5 217 0.5403921420806749
D 15 518 4 218 0.6105583617161912
E 7 526 2 220 0.9999999999999999
F 22 511 14 208 0.2596050861535732
G 8 525 2 220 0.7315994155097595
H 32 501 13 209 1.0
I 45 488 18 204 0.9999999999999998
* 11 522 33 189 1.4265360888582868E-10
K 23 510 7 215 0.5435432360927399
L 51 482 17 205 0.48573324344863866
M 4 529 1 221 1.0
N 39 494 12 210 0.42644570858706987
P 40 493 14 208 0.6433165089866927
Q 20 513 12 210 0.32353076196222347
R 23 510 8 214 0.8406615030392963
S 40 493 15 207 0.7613574831514678
T 58 475 27 195 0.6146419504649596
V 22 511 1 221 0.004602564107581827
W 2 531 0 222 1.0
Y 39 494 8 214 0.06781434163793851
A 13 409 11 387 0.8381291595892929
C 10 412 7 391 0.6279922683553033
D 5 417 10 388 0.19542820206270334
E 7 415 3 395 0.3428594629293394
F 15 407 13 385 0.8498095527890331
G 9 413 11 387 0.6529140962606081
H 27 395 14 384 0.07684378889733973
I 30 392 31 367 0.790317902554782
* 6 416 62 336 1.0252186171154488E-14
K 26 396 17 381 0.27289372348111235
L 42 380 37 361 0.8131003657591019
M 5 417 4 394 1.0
N 22 400 17 381 0.6230694178684828
P 32 390 38 360 0.3204953415440432
Q 22 400 14 384 0.30626564325718214
R 35 387 26 372 0.35417448608993846
S 38 384 32 366 0.7078499628254519
T 45 377 25 373 0.03291835824209894
V 15 407 12 386 0.6997230700066439
W 5 417 0 398 0.06227258568481989
Y 13 409 14 384 0.8453233446255888
A 12 410 11 387 1.0000000000000002
C 6 416 12 386 0.15323233203442072
D 12 410 11 387 1.0000000000000002
E 7 415 10 388 0.4661248128653017
F 25 397 18 380 0.43402314297352046
G 11 411 13 385 0.6798297092174624
H 9 413 9 389 1.0
I 28 394 24 374 0.7752933378518964
* 8 414 62 336 3.1161911989197987E-13
K 15 407 7 391 0.132253671339024
L 52 370 43 355 0.5142631390102915
M 4 418 2 396 0.6871604044250421
N 12 410 12 386 1.0000000000000002
P 32 390 26 372 0.5878233117819375
Q 12 410 11 387 1.0000000000000002
R 30 392 23 375 0.4791932401306082
S 61 361 39 359 0.04308907079459904
T 45 377 21 377 0.0046812440901147015
V 22 400 20 378 1.0000000000000002
W 4 418 3 395 1.0
Y 15 407 21 377 0.23809899336559784
A 12 410 11 387 1.0000000000000002
C 16 406 14 384 0.8547658433007571
D 11 411 9 389 0.8231717368614291
E 5 417 9 389 0.2861423098053621
F 23 399 12 386 0.11869058658098014
G 12 410 7 391 0.3576227282000314
H 28 394 13 385 0.036073800781541196
I 21 401 20 378 1.0000000000000002
* 4 418 78 320 9.778494650356955E-22
K 15 407 21 377 0.23809899336559784
L 31 391 30 368 1.0
M 8 414 4 394 0.38664736447365566
N 25 397 14 384 0.13880603746773099
P 40 382 25 373 0.09432789163028277
Q 15 407 12 386 0.6997230700066439
R 30 392 28 370 0.9999999999999999
S 52 370 32 366 0.049938553715766075
T 28 394 19 379 0.2935339459549222
V 9 413 16 382 0.1541761163360437
W 4 418 2 396 0.6871604044250421
Y 33 389 22 376 0.21014620261113584
A 29 393 26 372 0.8895010609175837
C 8 414 6 392 0.7899994875284735
D 21 401 18 380 0.8699158106466753
E 12 410 10 388 0.8311502345324077
F 14 408 10 388 0.5394992333083486
G 14 408 17 381 0.5833657754654777
H 20 402 11 387 0.1473337733047776
I 27 395 25 373 1.0
* 5 417 65 333 1.7080146662438445E-16
K 19 403 9 389 0.08555828378145114
L 41 381 28 370 0.20795619363789739
M 1 421 4 394 0.2046644061879704
N 24 398 16 382 0.33079783678079033
P 19 403 24 374 0.35022030139990207
Q 15 407 13 385 0.8498095527890331
R 28 394 29 369 0.7839545915872896
S 38 384 29 369 0.3757792749038445
T 40 382 25 373 0.09432789163028277
V 25 397 18 380 0.43402314297352046
W 5 417 2 396 0.4525307077438238
Y 17 405 13 385 0.5826395159720829
A 19 403 7 391 0.028205601871538376
C 8 414 13 385 0.27008919407669896
D 11 411 9 389 0.8231717368614291
E 4 418 8 390 0.2516154493151273
F 21 401 16 382 0.6142352493695746
G 6 416 2 396 0.28834898681019916
H 15 407 20 378 0.30626864425518935
I 17 405 21 377 0.4111476007166796
* 17 405 56 342 4.942009678268962E-7
K 25 397 16 382 0.2619036184412837
L 51 371 39 359 0.3157384930645627
M 5 417 3 395 0.7261669092998647
N 15 407 12 386 0.6997230700066439
P 53 369 41 357 0.3253765172862445
Q 14 408 15 383 0.8504163828787743
R 20 402 23 375 0.5337434978575918
S 44 378 36 362 0.5566380656718128
T 33 389 31 367 0.9999999999999999
V 18 404 8 390 0.07414503550715988
W 1 421 3 395 0.36005238684945867
Y 25 397 19 379 0.5360779098568357
A 58 543 30 403 0.14189190271878038
C 18 583 9 424 0.43196211174548205
D 1 600 14 419 4.166695471389975E-5
E 3 598 8 425 0.06062548797120222
F 12 589 10 423 0.8279605985286544
G 9 592 10 423 0.3563330973835273
H 12 589 26 407 0.0011605208271568412
I 49 552 22 411 0.061379960456775476
* 1 600 14 419 4.166695471389975E-5
K 0 601 9 424 3.7715693081957595E-4
L 113 488 45 388 2.1821939894886198E-4
M 13 588 6 427 0.48288641263181326
N 7 594 19 414 0.0018847971790999962
P 44 557 54 379 0.006903805765131601
Q 19 582 15 418 0.8602264570000333
R 2 599 45 388 9.87883485105071E-16
S 50 551 28 405 0.28464677220124074
T 66 535 34 399 0.10943755868581653
V 102 499 17 416 1.077406545909567E-11
W 12 589 3 430 0.1133483308060557
Y 10 591 15 418 0.06783248966674589
A 59 542 24 409 0.014492362864773895
C 4 597 13 420 0.005054086511902317
D 5 596 14 419 0.007949776781598545
E 0 601 19 414 5.195496455603505E-8
F 10 591 10 423 0.4974002374071599
G 4 597 15 418 0.001481581101776476
H 3 598 27 406 3.543142516416481E-8
I 108 493 14 419 1.5153772479461927E-14
* 1 600 26 407 1.5622924202165772E-9
K 3 598 8 425 0.06062548797120222
L 112 489 45 388 2.964290747780998E-4
M 45 556 4 429 1.445469970288404E-7
N 4 597 25 408 8.858112888503467E-7
P 28 573 39 394 0.006808426333530121
Q 5 596 29 404 1.5382059551385216E-7
R 7 594 26 407 1.6675864645220546E-5
S 14 587 34 399 3.8515441257814975E-5
T 16 585 16 417 0.36666967501806824
V 169 432 22 411 1.727749724393117E-23
W 2 599 3 430 0.6548342140415642
Y 2 599 20 413 1.8346765864829322E-6
A 39 562 28 405 0.9999999999999997
C 9 592 9 424 0.481661996535909
D 1 600 12 421 2.1419102985576963E-4
E 3 598 11 422 0.006148733713227547
F 16 585 10 423 0.8413479016056025
G 15 586 17 416 0.20583640126302216
H 3 598 27 406 3.543142516416481E-8
I 92 509 15 418 9.097842292403251E-11
* 2 599 20 413 1.8346765864829322E-6
K 0 601 14 419 4.5050131236143466E-6
L 174 427 42 391 1.1797635614489424E-14
M 25 576 12 421 0.3086160548961139
N 4 597 14 419 0.0027458351778564577
P 6 595 26 407 4.982423156313662E-6
Q 4 597 15 418 0.001481581101776476
R 7 594 42 391 1.5952196290747852E-10
S 22 579 42 391 1.1456868344237027E-4
T 44 557 44 389 0.11440473755852712
V 124 477 18 415 1.0291517946735244E-15
W 3 598 4 429 0.46101639372904996
Y 8 593 11 422 0.16565519883582722
A 37 564 26 407 0.9999999999999999
C 3 598 7 426 0.10454593423164595
D 32 569 6 427 6.658656205258156E-4
E 25 576 7 426 0.027396045678362884
F 17 584 9 424 0.5476732998297528
G 14 587 12 421 0.6902439674669668
H 21 580 20 413 0.41987178979077183
I 28 573 20 413 0.9999999999999998
* 2 599 22 411 3.62397735774224E-7
K 11 590 19 414 0.022741334614584167
L 94 507 46 387 0.021255600107052207
M 18 583 7 426 0.21757997458333977
N 42 559 17 416 0.04120408160711087
P 13 588 44 389 4.317444455610228E-8
Q 31 570 15 418 0.22252912782753984
R 32 569 33 400 0.15317444998248309
S 94 507 48 385 0.043654717040630855
T 62 539 38 395 0.45583530747802214
V 13 588 18 415 0.06728915273034466
W 3 598 5 428 0.29045036537809027
Y 9 592 14 419 0.08549128292990074
A 35 566 18 415 0.254948235752096
C 6 595 23 410 6.329424318955264E-5
D 9 592 14 419 0.08549128292990074
E 18 583 14 419 0.8568736248924937
F 21 580 20 413 0.41987178979077183
G 28 573 22 411 0.77044452040893
H 24 577 14 419 0.6162640376617023
I 88 513 27 406 2.0947692862535653E-5
* 3 598 20 413 1.1793011384475304E-5
K 5 596 15 418 0.00460254887743454
L 118 483 36 397 3.410562445365767E-7
M 19 582 7 426 0.15805928762014843
N 21 580 17 416 0.7396349243580608
P 3 598 32 401 6.013646509256126E-10
Q 28 573 8 425 0.01569285377827387
R 13 588 33 400 4.3700073274644116E-5
S 49 552 46 387 0.1908262629019905
T 27 574 24 409 0.4686665301292356
V 50 551 22 411 0.047602609097203534
W 10 591 3 430 0.25776065520412444
Y 26 575 18 415 1.0000000000000002
A 21 397 30 403 0.25170279597245043
C 6 412 9 424 0.6048423949833291
D 2 416 14 419 0.003940636947734569
E 3 415 8 425 0.22432604225457145
F 46 372 10 423 2.465194437723248E-7
G 4 414 10 423 0.17691547266049445
H 5 413 26 407 1.5874319425786783E-4
I 31 387 22 411 0.20129420163423442
* 4 414 14 419 0.029619061024457282
K 3 415 9 424 0.14390191535773733
L 70 348 45 388 0.006856209063722837
M 8 410 6 427 0.5985761416998931
N 5 413 19 414 0.006080148866805141
P 11 407 54 379 2.546007243085276E-8
Q 6 412 15 418 0.07567008321667654
R 16 402 45 388 2.6981217156775124E-4
S 23 395 28 405 0.5671519966162312
T 17 401 34 399 0.021072246676758877
V 24 394 17 416 0.2626481153550374
W 29 389 3 430 6.568184167232005E-7
Y 84 334 15 418 5.8266135266882156E-15
A 23 395 24 409 0.9999999999999999
C 7 411 13 420 0.25899252224046226
D 33 385 14 419 0.003919719351261994
E 41 377 19 414 0.002028241946632705
F 7 411 10 423 0.6264691830132012
G 16 402 15 418 0.8556119891751784
H 12 406 27 406 0.021414949105005847
I 23 395 14 419 0.12989309714562966
* 7 411 26 407 0.0011263802894941348
K 12 406 8 425 0.3706658586330145
L 40 378 45 388 0.7322010681130101
M 8 410 4 429 0.2559348874453877
N 18 400 25 408 0.3512408173821542
P 8 410 39 394 3.5981601143840473E-6
Q 28 390 29 404 0.9999999999999998
R 25 393 26 407 0.9999999999999999
S 29 389 34 399 0.6947596360739289
T 37 381 16 417 0.002583477582943367
V 36 382 22 411 0.042309632800453474
W 0 418 3 430 0.2493509366143637
Y 8 410 20 413 0.03351229109940737
A 21 397 28 405 0.38130224688287223
C 8 410 9 424 1.0
D 20 398 12 421 0.14955186608270274
E 31 387 11 422 0.0012928890426072907
F 11 407 10 423 0.8272782296563802
G 9 409 17 416 0.16381992046719682
H 14 404 27 406 0.055114760194484615
I 29 389 15 418 0.02923443600267978
* 7 411 20 413 0.017801728885958528
K 9 409 14 419 0.40010654077370716
L 26 392 42 391 0.07612948917323564
M 7 411 12 421 0.3552625279914731
N 20 398 14 419 0.29460918006549214
P 15 403 26 407 0.11076239897485132
Q 30 388 15 418 0.02068981504988876
R 11 407 42 391 1.4532467703926541E-5
S 46 372 42 391 0.574108489011433
T 48 370 44 389 0.5814078591054618
V 27 391 18 415 0.16753406100275914
W 2 416 4 429 0.6866867405207094
Y 27 391 11 422 0.007246342906714402
A 8 410 26 407 0.0025460970411988557
C 8 410 7 426 0.7988803587370349
D 5 413 6 427 1.0
E 5 413 7 426 0.7732357160344513
F 9 409 9 424 1.0
G 5 413 12 421 0.14051565020466614
H 4 414 20 413 0.0013845523610857785
I 116 302 20 413 2.537321941868613E-21
* 9 409 22 411 0.027328686487958664
K 8 410 19 414 0.049532415537705016
L 89 329 46 387 2.1702122253610538E-5
M 9 409 7 426 0.6204815700888386
N 9 409 17 416 0.16381992046719682
P 9 409 44 389 6.995457832894031E-7
Q 8 410 15 418 0.20546181456070536
R 13 405 33 400 0.0037845096944734025
S 10 408 48 385 2.3272896537754196E-7
T 9 409 38 395 1.7075521633590237E-5
V 77 341 18 415 1.5594062256651552E-11
W 1 417 5 428 0.21753204313844088
Y 7 411 14 419 0.18519888639334517
A 23 395 18 415 0.4241642442500703
C 9 409 23 410 0.018398124633274258
D 12 406 14 419 0.8432502163197059
E 12 406 14 419 0.8432502163197059
F 22 396 20 413 0.7521530048196869
G 7 411 22 411 0.007372684200088505
H 3 415 14 419 0.012103995997912259
I 18 400 27 406 0.2234569487588222
* 8 410 20 413 0.03351229109940737
K 8 410 15 418 0.20546181456070536
L 96 322 36 397 2.675763486941464E-9
M 31 387 7 426 3.9122882485437816E-5
N 7 411 17 416 0.06119092877208969
P 6 412 32 401 1.807132161879495E-5
Q 18 400 8 425 0.04568453005949029
R 10 408 33 400 4.78724187501192E-4
S 31 387 46 387 0.12013862216307833
T 46 372 24 409 0.004012556475937436
V 25 393 22 411 0.6530281418396275
W 12 406 3 430 0.018361224117210057
Y 14 404 18 415 0.591400850971864